2.106000000000000094e-01 4.645664556862358179e-03 2.480874827418854994e-04 4.397194699418902888e-04
2.111999999999999988e-01 5.582753022771242551e-03 2.604862404542717140e-04 5.775630275916778704e-04
2.117999999999999883e-01 7.487627418661368765e-03 2.719870868109914024e-04 9.215425903306015886e-04
2.124000000000000055e-01 9.787917193640152669e-03 2.870297840135844201e-04 1.312027678778557565e-03
2.129999999999999949e-01 1.265127992837681431e-02 3.024316979463943962e-04 2.008440184741589005e-03
2.136000000000000121e-01 1.649271778477428077e-02 3.182007201092935207e-04 2.917717995646867263e-03
2.142000000000000015e-01 2.259252116550052383e-02 3.415940044108388505e-04 4.572257465669476648e-03
2.147999999999999909e-01 2.918208305237246156e-02 3.649033136399492706e-04 6.828379300001878247e-03
2.154000000000000081e-01 3.704353536653354206e-02 3.915853917731512051e-04 9.708151418537541363e-03
2.159999999999999976e-01 4.752636368386047028e-02 4.282029902149337352e-04 1.401595748460893881e-02
2.165999999999999870e-01 6.207825589977835484e-02 4.745620640133545545e-04 2.100306482764970062e-02
2.172000000000000042e-01 7.804651231801233713e-02 5.152884020376875688e-04 2.970478179134806995e-02
2.177999999999999936e-01 9.811457672154627607e-02 5.679042158367661464e-04 4.129254430423258404e-02
2.184000000000000108e-01 1.243661006360857746e-01 6.304897511785423564e-04 5.792724366861429913e-02
2.190000000000000002e-01 1.533834885580606933e-01 6.926784942701419163e-04 8.018870122017804358e-02
2.195999999999999897e-01 1.890936978033664617e-01 7.660106778448657608e-04 1.079935051826428349e-01
2.202000000000000068e-01 2.307973225927721639e-01 8.339438709597085100e-04 1.467500921739312014e-01
2.207999999999999963e-01 2.764712852557958400e-01 8.988406827266534572e-04 1.930881770644683193e-01
2.214000000000000135e-01 3.279069919489291385e-01 9.604576577611461784e-04 2.503864318591760840e-01
2.220000000000000029e-01 3.852990184953266062e-01 1.013121641499270661e-03 3.187165130436406812e-01
2.225999999999999923e-01 4.470568334761245155e-01 1.054263438581781297e-03 4.004370655880032936e-01
2.232000000000000095e-01 5.131136461840919427e-01 1.083185173605961818e-03 4.894680767478813976e-01
2.237999999999999989e-01 5.818140670356218846e-01 1.090429055705465161e-03 5.873851969407901663e-01
2.243999999999999884e-01 6.490264873899412867e-01 1.080350641537029550e-03 6.832717554392451209e-01
