2.106000000000000094e-01 8.411384374019492682e-02 8.625267833368643021e-04 1.124751055187366705e-02
2.111999999999999988e-01 8.618397598972542262e-02 8.697078226771264541e-04 1.251775003159033214e-02
2.117999999999999883e-01 8.833421222494203251e-02 8.833536140218730846e-04 1.316113780880729528e-02
2.124000000000000055e-01 9.311584130739432308e-02 9.120677604910615299e-04 1.421644682715711427e-02
2.129999999999999949e-01 9.605646417656553415e-02 9.287473196657031454e-04 1.555055177175762235e-02
2.136000000000000121e-01 9.815027458385773562e-02 9.332449859717459372e-04 1.659509274937139706e-02
2.142000000000000015e-01 1.033940660939983158e-01 9.625699839143650547e-04 1.801352517362042258e-02
2.147999999999999909e-01 1.042765559459502556e-01 9.651155253980762874e-04 1.852652512028511028e-02
2.154000000000000081e-01 1.086453371649651473e-01 9.834742631575129485e-04 2.106619164823744436e-02
2.159999999999999976e-01 1.116917518201259313e-01 1.000066348098408798e-03 2.213686717832605982e-02
2.165999999999999870e-01 1.151893492571022942e-01 1.015503361977753176e-03 2.347256657441109534e-02
2.172000000000000042e-01 1.189919219142082513e-01 1.036147152176030740e-03 2.460530855027175112e-02
2.177999999999999936e-01 1.228861651559857299e-01 1.043982701021604854e-03 2.685025813358568603e-02
2.184000000000000108e-01 1.243875668640673504e-01 1.046060557570188936e-03 2.818210768202111458e-02
2.190000000000000002e-01 1.305475117518948014e-01 1.079094571211137912e-03 3.102426600005254997e-02
2.195999999999999897e-01 1.358922852442708273e-01 1.104784911142306933e-03 3.337465002606919418e-02
2.202000000000000068e-01 1.407537876234722374e-01 1.123735629985087589e-03 3.576940229454256270e-02
2.207999999999999963e-01 1.426145169778534338e-01 1.119967601190601132e-03 3.774618940150333002e-02
2.214000000000000135e-01 1.480705424273453807e-01 1.151989573697353260e-03 4.041027408499120455e-02
2.220000000000000029e-01 1.531288450946175217e-01 1.168920354351106125e-03 4.322381990781783145e-02
2.225999999999999923e-01 1.558032818194230451e-01 1.171205405927932359e-03 4.575155765267970021e-02
2.232000000000000095e-01 1.614759194215786842e-01 1.200619494123795691e-03 4.899597611159693666e-02
2.237999999999999989e-01 1.660178591929405978e-01 1.208864654017674034e-03 5.235991478228022716e-02
2.243999999999999884e-01 1.726157515580829249e-01 1.236808658093501399e-03 5.603603890600790394e-02
