2.106000000000000094e-01 5.479144265886579102e-02 5.428457561904048061e-04 1.099212634455475068e-02
2.111999999999999988e-01 6.088260863840062875e-02 5.761228047432638728e-04 1.331135996778140713e-02
2.117999999999999883e-01 6.727009037728545748e-02 6.081275535959643989e-04 1.580109747352491378e-02
2.124000000000000055e-01 7.432839417813710825e-02 6.401327158945075910e-04 1.890034465340086414e-02
2.129999999999999949e-01 8.174664338202294878e-02 6.739807456506441159e-04 2.224684612140011286e-02
2.136000000000000121e-01 9.066930757804902985e-02 7.130160999473916360e-04 2.584325965745926795e-02
2.142000000000000015e-01 9.816895568262043459e-02 7.375796179666303755e-04 3.026618829375919001e-02
2.147999999999999909e-01 1.078423738275477856e-01 7.841133532445482149e-04 3.511586472031464484e-02
2.154000000000000081e-01 1.195610744430022077e-01 8.265899205280360365e-04 4.073771180116471380e-02
2.159999999999999976e-01 1.302776924337653019e-01 8.636341478561938194e-04 4.829786989610170000e-02
2.165999999999999870e-01 1.424235520564768875e-01 8.998647193616995509e-04 5.625879986991245973e-02
2.172000000000000042e-01 1.553524842374123527e-01 9.438184964713602475e-04 6.436818088594151166e-02
2.177999999999999936e-01 1.691346481156999759e-01 9.855956188729499828e-04 7.393507350641474740e-02
2.184000000000000108e-01 1.832788992925249161e-01 1.026151670551987737e-03 8.471796130948991421e-02
2.190000000000000002e-01 2.000446850939653631e-01 1.069884094990138481e-03 1.005507286849243731e-01
2.195999999999999897e-01 2.145078707707225585e-01 1.098414278993442095e-03 1.141846289471558917e-01
2.202000000000000068e-01 2.331591504857226382e-01 1.142130247205631931e-03 1.318461258320144380e-01
2.207999999999999963e-01 2.511777897023759198e-01 1.185799123915471601e-03 1.473685668987831376e-01
2.214000000000000135e-01 2.725369817343765155e-01 1.224348337038416159e-03 1.705648170828701626e-01
2.220000000000000029e-01 2.887687802463365649e-01 1.255760711116501484e-03 1.884053331189044223e-01
2.225999999999999923e-01 3.109575609133650720e-01 1.285643232132704060e-03 2.159500279041542403e-01
2.232000000000000095e-01 3.327266743214776223e-01 1.323199402607563770e-03 2.400692905190281168e-01
2.237999999999999989e-01 3.534571798052549285e-01 1.343332003412222361e-03 2.668458062853403812e-01
2.243999999999999884e-01 3.796248297188516974e-01 1.376974131130878935e-03 3.039741797171984228e-01
