2.106000000000000094e-01 1.227738321144018589e-02 3.774894532785991750e-04 1.557784405103660895e-03
2.111999999999999988e-01 1.513206870735550082e-02 3.989644157138270476e-04 2.227362070618269137e-03
2.117999999999999883e-01 1.982383501129502540e-02 4.251707666358798838e-04 3.128645720515438322e-03
2.124000000000000055e-01 2.442954684267844429e-02 4.540163812935318075e-04 4.555086401772469318e-03
2.129999999999999949e-01 2.864178102488631680e-02 4.829857722396413856e-04 5.531512152588932522e-03
2.136000000000000121e-01 3.548325552622470791e-02 5.159660865452857757e-04 7.774944573081086704e-03
2.142000000000000015e-01 4.293635196561886719e-02 5.610633181785885026e-04 1.046537673707965618e-02
2.147999999999999909e-01 5.217067044628913991e-02 6.025366770636648777e-04 1.456752075248657005e-02
2.154000000000000081e-01 6.337647983903857418e-02 6.479837672998403977e-04 1.964052660752445278e-02
2.159999999999999976e-01 7.591166807810363626e-02 7.095743387640543855e-04 2.583422728534846141e-02
2.165999999999999870e-01 9.128914284370630294e-02 7.755897115248108894e-04 3.347594927442811008e-02
2.172000000000000042e-01 1.087345297978743047e-01 8.352098082467881339e-04 4.459178079243299175e-02
2.177999999999999936e-01 1.268535058984014696e-01 9.014601292272578876e-04 5.611622362392895691e-02
2.184000000000000108e-01 1.505197733503553792e-01 9.767667754523765792e-04 7.357298196538449020e-02
2.190000000000000002e-01 1.768769114893474770e-01 1.057520983996428554e-03 9.439255375848851215e-02
2.195999999999999897e-01 2.065686719563100959e-01 1.131357150641028233e-03 1.191677934408092721e-01
2.202000000000000068e-01 2.416638623307279243e-01 1.215962880165224027e-03 1.520513411539272663e-01
2.207999999999999963e-01 2.771836200587335930e-01 1.297738816153645204e-03 1.881924926312961710e-01
2.214000000000000135e-01 3.144475958569012963e-01 1.357282054528544243e-03 2.296178448480741263e-01
2.220000000000000029e-01 3.600455364755146825e-01 1.418547914584194656e-03 2.873615588752320704e-01
2.225999999999999923e-01 4.046500454040013461e-01 1.477835331510675291e-03 3.402634760277689074e-01
2.232000000000000095e-01 4.530209172715876642e-01 1.516619082661761850e-03 4.057583852848106742e-01
2.237999999999999989e-01 5.015007742303326799e-01 1.544699243835898810e-03 4.737122400741050066e-01
2.243999999999999884e-01 5.527889899407475438e-01 1.551999937463980446e-03 5.484604130977575043e-01
