2.106000000000000094e-01 2.750290146186630904e-04 2.440537145973074233e-04 1.754238383927730704e-05
2.111999999999999988e-01 8.284080681082313900e-04 2.544543354978920412e-04 4.248212139486962470e-05
2.117999999999999883e-01 1.008936981644664634e-03 2.642189535702100817e-04 8.390355179750246537e-05
2.124000000000000055e-01 1.332827614639777196e-03 2.801297281825901276e-04 1.236193481874852155e-04
2.129999999999999949e-01 2.393207531019982820e-03 2.889027253670077848e-04 2.274941229976537430e-04
2.136000000000000121e-01 3.366635379564580054e-03 3.002532446631069399e-04 4.820482289276865982e-04
2.142000000000000015e-01 5.624366300890828313e-03 3.157224814341832064e-04 7.601235473306973932e-04
2.147999999999999909e-01 8.158697612992170389e-03 3.312263063027610986e-04 1.451216131213378668e-03
2.154000000000000081e-01 1.234975201738370935e-02 3.513109626695926102e-04 2.367405922922569909e-03
2.159999999999999976e-01 1.814022566195659311e-02 3.734023405038420281e-04 3.979582869226383317e-03
2.165999999999999870e-01 2.649911281182086922e-02 3.954924833727640164e-04 7.015555006292474062e-03
2.172000000000000042e-01 3.811497982216942304e-02 4.293913051338367048e-04 1.143692797385983430e-02
2.177999999999999936e-01 5.500337827613220598e-02 4.768572348504976290e-04 1.979348449484464798e-02
2.184000000000000108e-01 7.599992772222349813e-02 5.258830390495606699e-04 3.125955317541696810e-02
2.190000000000000002e-01 1.079603733603034105e-01 5.962145972283920334e-04 5.179953131810004219e-02
2.195999999999999897e-01 1.480818674419458747e-01 6.795947023255721016e-04 8.130314265108656846e-02
2.202000000000000068e-01 1.980906260555796716e-01 7.693818685031545649e-04 1.233647238154729209e-01
2.207999999999999963e-01 2.627856827103501325e-01 8.684729109207172358e-04 1.846614340542921673e-01
2.214000000000000135e-01 3.374076023097450361e-01 9.535116010701545717e-04 2.680803878211359681e-01
2.220000000000000029e-01 4.246449752693176594e-01 1.024764558064756356e-03 3.736771677455474339e-01
2.225999999999999923e-01 5.208919702374663618e-01 1.068845679104562640e-03 4.996632242154226966e-01
2.232000000000000095e-01 6.196233149068883783e-01 1.074291930125555791e-03 6.343660174966523346e-01
2.237999999999999989e-01 7.197539446886486170e-01 1.041065301941273939e-03 7.711211791101537649e-01
2.243999999999999884e-01 8.136541071715053253e-01 9.747880880470663608e-04 8.897311854988001478e-01
