2.106000000000000094e-01 7.827061589423367494e-02 5.586796261142834346e-04 1.654556010382647255e-02
2.111999999999999988e-01 8.509542707871892153e-02 5.882468310708778656e-04 1.874472439504672877e-02
2.117999999999999883e-01 9.023007482377737309e-02 6.087932454384459855e-04 2.099888643514838393e-02
2.124000000000000055e-01 9.671517130267233420e-02 6.318751356629703905e-04 2.366957510884408478e-02
2.129999999999999949e-01 1.019773973239445075e-01 6.454083870185089132e-04 2.670144765030361272e-02
2.136000000000000121e-01 1.077750928961341975e-01 6.646231385056984835e-04 2.971400425317218680e-02
2.142000000000000015e-01 1.156176138256587160e-01 6.899763883377484823e-04 3.410109027097379952e-02
2.147999999999999909e-01 1.223538390497276585e-01 7.152824300134062036e-04 3.641082989768507777e-02
2.154000000000000081e-01 1.308164181972396589e-01 7.390238720866147302e-04 4.158119888431444089e-02
2.159999999999999976e-01 1.395562653267388153e-01 7.612869037406285724e-04 4.642960181618515508e-02
2.165999999999999870e-01 1.494726674665481370e-01 7.928647865040687991e-04 5.275390361459914024e-02
2.172000000000000042e-01 1.563487197087352898e-01 8.079055844255946537e-04 5.810779512698131810e-02
2.177999999999999936e-01 1.680502402473495194e-01 8.403068389287554315e-04 6.516214943013196037e-02
2.184000000000000108e-01 1.753717658546125047e-01 8.546271377609960260e-04 7.125232853880110462e-02
2.190000000000000002e-01 1.856686185385436616e-01 8.750966726619635767e-04 8.099004684618506256e-02
2.195999999999999897e-01 1.956044127034640701e-01 8.995499527665566522e-04 8.814983042638396826e-02
2.202000000000000068e-01 2.081826728036713092e-01 9.258000047610113071e-04 9.943377452418923623e-02
2.207999999999999963e-01 2.186758303382033697e-01 9.483087636031837511e-04 1.077094369062753937e-01
2.214000000000000135e-01 2.313893106755184892e-01 9.755414329667243386e-04 1.189479471000134403e-01
2.220000000000000029e-01 2.427300065998017620e-01 9.931584147999010861e-04 1.300497281364050295e-01
2.225999999999999923e-01 2.555244621769621194e-01 1.011380025635412721e-03 1.442373777284965131e-01
2.232000000000000095e-01 2.688451148092744214e-01 1.035143805157857358e-03 1.592751008909864541e-01
2.237999999999999989e-01 2.822588088253578653e-01 1.054929702755459317e-03 1.723700860468458385e-01
2.243999999999999884e-01 2.951233089770953222e-01 1.070742510969753449e-03 1.888252309668847495e-01
