2.106000000000000094e-01 3.538164924959538715e-02 4.210290170424836457e-04 6.412816891206745556e-03
2.111999999999999988e-01 3.995007212837869276e-02 4.371033063111036442e-04 7.782905425947510454e-03
2.117999999999999883e-01 4.645102878868610091e-02 4.747213439298873881e-04 9.961874992998415168e-03
2.124000000000000055e-01 5.279679446681693339e-02 5.020291635637380481e-04 1.212278625672749341e-02
2.129999999999999949e-01 5.914908910266305359e-02 5.363019255669337383e-04 1.481511885161042839e-02
2.136000000000000121e-01 6.865050995035378023e-02 5.781144364003731016e-04 1.873336097690615071e-02
2.142000000000000015e-01 7.726688087556116136e-02 6.132925212383446775e-04 2.250289825803621427e-02
2.147999999999999909e-01 8.761672665499703472e-02 6.560216979928398633e-04 2.740957831243739928e-02
2.154000000000000081e-01 1.000946053033742733e-01 6.946458382013659828e-04 3.478635891616381481e-02
2.159999999999999976e-01 1.114497436388821039e-01 7.319395793079113473e-04 4.130051579875586298e-02
2.165999999999999870e-01 1.279305083860910464e-01 7.896054193073041285e-04 5.142211312422995811e-02
2.172000000000000042e-01 1.416304720112006865e-01 8.340592077336285350e-04 5.943251235968945168e-02
2.177999999999999936e-01 1.592242872227973283e-01 8.817023150603524231e-04 7.287884642890885001e-02
2.184000000000000108e-01 1.770458031879663663e-01 9.298497169012302820e-04 8.632726066155052558e-02
2.190000000000000002e-01 1.958753074679231709e-01 9.746016025667869013e-04 1.022255624141785446e-01
2.195999999999999897e-01 2.188094543455215424e-01 1.023596929683418455e-03 1.240178720772842497e-01
2.202000000000000068e-01 2.392672665904405915e-01 1.070310552225184298e-03 1.424757912262449855e-01
2.207999999999999963e-01 2.661210469631298259e-01 1.117932693799842531e-03 1.681904435039742740e-01
2.214000000000000135e-01 2.918863726554248306e-01 1.161150122185292382e-03 1.972689662787137643e-01
2.220000000000000029e-01 3.202994918827438697e-01 1.204804788952982880e-03 2.305021764746486568e-01
2.225999999999999923e-01 3.505186270353194411e-01 1.246459438855311574e-03 2.663260874476149898e-01
2.232000000000000095e-01 3.795385125643112034e-01 1.273396496765341742e-03 3.039570004764089450e-01
2.237999999999999989e-01 4.112470682293055124e-01 1.301792723082396443e-03 3.464250398915568185e-01
2.243999999999999884e-01 4.412943783106987317e-01 1.320621851400814338e-03 3.903525125857011391e-01
